8.296 -15.563
6.1743 -14.791
8.676 -17.504
5.5962 -9.6617
5.387 -10.51
7.1162 -11.518
7.6376 -15.044
5.4358 -10.391
7.9804 -15.487
6.0422 -13.605
5.6026 -12.123
5.2726 -11.489
7.489 -14.901
7.9708 -13.059
7.8454 -13.57
5.9321 -11.877
5.5705 -8.9899
7.8709 -15.887
5.3662 -10.402
4.7869 -10.709
4.3109 -11.623
8.0614 -15.2
8.0771 -16.563
5.9839 -13.726
5.5021 -14.663
7.0209 -13.344
4.9854 -10.683
5.3686 -10.992
5.7778 -12.849
5.2327 -11.633
4.7993 -11.509
8.316 -12.606
8.674 -14.659
2.3353 -9.057
6.6797 -12.206
5.3984 -10.942
3.1676 -14.684
5.6206 -14.428
4.2394 -10.448
6.1005 -10.655
6.2809 -13.32
6.8433 -12.377
9.1964 -17.035
3.9282 -13.557
6.5042 -12.293
9.7436 -14.086
9.2181 -15.855
5.6482 -12.007
4.5018 -11.373
8.8004 -13.939
5.9156 -11.423
5.5508 -13.137
5.5787 -7.3863
4.8091 -11.231
6.0198 -12.774
3.9449 -11.605
4.1481 -9.1839
4.8026 -11.057
7.3202 -13.114
5.276 -8.8328
6.0076 -12.515
6.9699 -14.281
3.5142 -10.694
5.3027 -13.292
6.9475 -15.412
7.1115 -11.767
4.174 -8.497
5.9645 -11.446
6.7431 -9.8592
8.9554 -16.966
6.9956 -14.895
7.2024 -11.709
6.3541 -9.3923
1.5013 -7.8228
4.7057 -10.606
10.14 -13.896
5.7471 -11.057
8.6825 -15.022
9.1305 -15.688
7.1772 -12.399
7.422 -14.034
9.9847 -17.632
6.8627 -12.494
6.9087 -12.043
5.3459 -10.546
5.2761 -9.3961
4.5038 -11.1
5.5252 -10.77
8.8766 -16.084
4.8772 -7.0025
8.2905 -13.289
4.565 -11.461
4.6373 -11.613
5.932 -10.904
8.3986 -15.477
4.0311 -10.516
1.8223 -9.2784
5.1856 -11.469
5.6791 -10.359
3.7888 -10.249
5.1287 -10.629
4.7845 -12.742
7.3457 -11.239
6.4212 -11.887
7.9397 -11.85
4.4978 -11.29
6.0832 -10.614
3.6944 -9.9153
5.4963 -9.6595
5.8496 -11.158
5.0237 -10.162
7.3445 -11.035
7.3517 -13.447
6.6765 -11.916
7.3401 -14.116
6.7933 -12.425
6.1541 -16.794
7.0757 -14.356
6.4259 -12.155
8.1883 -15.79
7.9027 -14.497
5.0016 -12.735
4.6761 -10.392
5.5783 -11.39
5.2151 -10.844
4.029 -10.392
4.2243 -11.96
9.3059 -15.041
8.272 -16.552
6.8916 -13.814
4.2053 -9.8481
6.5158 -14.836
4.333 -10.77
5.873 -9.0406
8.1687 -12.199
4.3015 -10.373
6.7068 -12.916
7.0711 -14.524
6.398 -12.426
4.0958 -10.117
6.4327 -12.927
7.0268 -13.292
7.3611 -14.262
4.7184 -9.9759
4.9646 -9.5606
5.3765 -14.267
8.4373 -13.739
5.604 -10.688
9.4002 -17.071
7.6002 -13.374
5.1256 -11.986
5.0237 -11.096
7.164 -10.792
8.6071 -12.798
3.4289 -6.5279
7.454 -11.835
3.835 -10.376
6.1224 -9.0174
7.3166 -13.907
4.5128 -11.582
2.0536 -9.6705
7.4342 -10.296
2.5296 -9.0787
7.3508 -13.828
4.8142 -8.9547
5.7374 -14.001
4.5528 -9.779
7.8228 -13.708
3.5085 -10.895
5.8483 -13.177
10.68 -16
5.1851 -9.7789
5.3144 -11.966
8.6416 -15.663
8.8584 -12.877
3.9131 -10.022
6.1563 -9.8531
6.9091 -12.005
5.3675 -10.812
5.0412 -11.098
3.2505 -9.9309
6.5969 -12.716
7.9289 -16.238
6.6269 -13.264
6.5691 -15.906
9.4802 -14.265
5.0775 -11.776
4.1427 -15.034
5.9575 -13.117
3.5568 -7.7381
5.1253 -8.064
8.7204 -14.685
4.709 -9.4489
2.183 -8.7146
4.0648 -8.6365
3.5945 -10.814
6.4814 -12.301
5.972 -12.6
5.9744 -10.803
7.0774 -12.776
8.4771 -14.883
4.5639 -12.176
7.7833 -16.212
6.914 -12.704
4.9744 -9.445
7.2036 -9.6772
8.6769 -13.59
9.1419 -15.959
4.279 -10.45
3.6371 -9.1374
5.1503 -12.86
4.9305 -10.832
4.7373 -11.748
4.5509 -11.266
5.0767 -11.063
9.4298 -15.368
6.6646 -13.81
4.3163 -12.285
7.8437 -14.562
7.3363 -14.518
6.9692 -11.899
6.1683 -12.745
5.2458 -10.282
5.1481 -10.225
4.4208 -11.114
4.6527 -13.888
2.2439 -7.4998
7.1073 -12.669
4.7062 -10.574
6.271 -9.1825
4.8187 -12.923
6.1494 -9.6437
7.2642 -14.66
6.5653 -14.46
5.6858 -13.454
2.8713 -8.2126
5.7639 -13.112
6.3671 -11.2
4.6384 -10.647
3.858 -11.324
6.1879 -11.057
9.2264 -13.34
5.1118 -9.159
9.6921 -17.964
6.7109 -13.813
5.6086 -11.514
5.5427 -13.425
5.3907 -9.5688
6.172 -12.278
3.655 -10.677
4.5527 -10.559
3.8159 -11.061
5.7705 -10.739
5.8753 -12.923
6.7387 -13.098
5.5232 -10.746
5.4095 -12.323
2.6968 -10.526
8.3092 -14.578
2.5069 -9.6728
9.6928 -15.643
4.8774 -10.65
4.0597 -11.423
6.9588 -11.741
8.2402 -12.916
7.6674 -14.026
6.7922 -12.2
5.9181 -12.192
4.7158 -10.066
5.8432 -12.407
5.9408 -11.37
6.1025 -11.747
7.4558 -12.536
4.9831 -12.145
7.8755 -15.882
6.2552 -11.981
3.6944 -9.6057
7.0784 -15.448
7.6091 -12.248
3.5946 -8.1655
5.7114 -12.541
7.4854 -14.744
4.7751 -11.77
5.9718 -13.415
4.9066 -11.806
3.9914 -9.9245
5.766 -11.902
3.1066 -7.5769
5.2804 -12.434
5.9632 -13.899
5.754 -12.184
6.573 -10.888
4.6796 -9.1014
8.2814 -16.054
6.3623 -13.746
8.7303 -12.655
2.3522 -7.4052
4.385 -12.982
6.3689 -15.033
4.1343 -8.972
7.4399 -13.863
1.7451 -10.385
4.5663 -10.727
7.8531 -12.09
4.0197 -8.1293
6.5994 -15.74
7.7466 -11.45
8.7501 -14.392
5.3807 -12.748
9.8587 -14.963
5.1852 -10.588
8.7372 -15.03
3.0497 -8.0073
3.946 -10.097
3.3651 -8.0589
2.0954 -6.9356
6.9009 -12.609
6.7399 -10.061
6.5132 -11.771
6.3737 -13.3
2.6678 -8.4373
8.0514 -14.513
4.4733 -10.47
6.6986 -13.114
6.931 -12.572
6.3464 -10.212
7.2399 -10.935
6.2146 -10.776
6.8208 -12.244
4.6341 -12.103
3.9284 -10.372
5.2117 -11.642
4.3338 -9.9879
6.7446 -12.989
5.4187 -11.076
6.3448 -10.539
6.7505 -10.01
7.0035 -12.079
6.1987 -13.822
5.7047 -13.387
5.1004 -11.551
3.1991 -8.6637
5.8824 -11.113
5.1698 -10.705
6.7102 -14.371
7.0532 -14.736
5.1077 -9.4241
4.0736 -10.281
6.7924 -12.844
5.6052 -13.626
8.3321 -13.007
7.5923 -13.348
5.8224 -12.097
3.1154 -7.4944
6.4198 -13.225
4.84 -12.755
5.2556 -11.429
5.0261 -6.5732
4.445 -10.49
3.7768 -11.356
5.9515 -13.047
5.6004 -11.248
8.5936 -13.034
4.9524 -12.901
4.6757 -9.9584
6.3137 -12.793
7.4548 -12.114
8.2105 -13.594
5.1282 -10.795
5.4617 -9.3348
6.5167 -12.368
5.9597 -14.222
5.033 -8.5267
7.1312 -12.447
6.2094 -11.521
7.378 -12.328
5.6447 -11.575
7.2765 -15.688
7.2279 -12.721
5.5743 -12.983
3.7679 -8.3535
6.7622 -14.025
5.8803 -9.7787
8.0264 -14.171
5.567 -14.319
6.6615 -12.549
5.8942 -9.7809
5.0123 -10.232
5.9587 -13.232
6.7826 -11.809
5.5405 -15.602
5.109 -7.565
7.1077 -11.394
4.4589 -7.4047
3.6508 -12.127
6.1886 -11.379
4.0171 -8.8946
3.3989 -10.972
6.1772 -12.96
6.9452 -15.966
4.9949 -9.9817
6.7411 -14.783
3.694 -7.8985
6.0033 -11.583
4.0248 -11.758
4.3927 -9.6569
4.4323 -10.753
2.086 -7.9401
7.2336 -11.663
3.0307 -7.9057
5.9488 -11.281
6.5539 -12.155
4.4374 -8.4952
5.9386 -9.0129
9.6867 -14.455
7.7287 -10.054
5.2645 -13.192
4.7689 -12.996
5.5253 -9.3034
4.3675 -10.494
6.8652 -14.51
5.3888 -11.715
1.7857 -8.8524
8.3207 -14.558
6.3166 -11.646
7.4596 -13.056
5.5501 -13.121
5.1029 -12.26
5.0125 -10.261
1.9155 -5.4926
6.9519 -11.201
10.074 -16.494
6.1623 -12.162
6.9773 -12.138
8.0093 -15.424
6.5224 -12.807
7.8187 -14.241
8.3153 -13.505
4.0962 -9.8435
6.9707 -11.752
7.9526 -14.629
6.0941 -12.301
6.5545 -13.266
7.4969 -12.745
7.9497 -13.116
6.2014 -12.65
6.9873 -9.5823
3.1852 -11.926
7.0201 -15.179
3.3347 -11.98
6.5085 -12.276
6.0808 -13.118
5.0201 -12.908
6.5821 -12.07
7.5571 -14.807
6.3485 -13.51
4.9722 -11.093
4.0018 -10.056
6.6567 -13.654
3.935 -12.285
4.4601 -12.674
6.0572 -10.011
2.7857 -10.222
5.7389 -11.748
2.788 -10.345
9.0273 -13.472
6.2761 -11.961
6.4015 -10.478
6.1364 -10.478
8.3717 -12.535
6.074 -10.828
8.0211 -16.056
7.4318 -13.886
2.5104 -9.6634
5.7577 -10.401
4.9042 -11.269
8.8681 -15.77
3.7953 -8.8993
6.802 -14.212
5.2394 -11.894
4.4182 -12.526
6.3057 -11.132
3.574 -10.387
4.7132 -11.822
8.7352 -14.887
5.1329 -12.068
5.2286 -11.508
5.0564 -11.396
8.2687 -11.127
9.5166 -13.188
4.1262 -10.52
5.0721 -11.296
9.933 -16.028
5.4289 -11.518
2.9071 -7.5419
6.612 -13.731
4.4613 -10.508
2.42 -9.4083
6.2223 -12.93
6.9004 -11.169
