16.785 -4.1364
14.667 -5.8072
15.023 -1.7427
15.879 -4.7878
15.763 -2.9665
17.151 -3.4327
15.594 -4.5394
14.538 -10.733
16.475 -5.8354
16.36 -3.6458
19.427 -1.2315
17.919 -5.9648
16.811 -1.4894
17.477 -3.1922
15.659 -2.669
13.584 -9.5011
17.542 -7.2705
16.177 -0.18895
18.201 -2.0738
17.388 -2.3206
17.168 -4.0545
15.524 -5.4905
17.212 0.84774
15.456 -2.1178
16.373 -5.2043
15.911 -2.9941
16.448 -4.3372
19.232 -0.40276
15.801 -5.411
15.447 -5.9518
17.813 2.5146
15.072 -5.5979
15.952 -2.2438
14.299 -5.7499
16.442 -1.9079
16.71 -2.8241
16.785 -3.9014
15.994 -4.2522
16.843 2.1062
15.324 -4.496
13.619 -8.6635
15.232 -5.7484
17.106 1.6532
18.073 -4.106
17.268 -2.6926
15.232 -6.8691
16.481 -7.1726
14.5 -4.4235
16.828 -1.4242
16.569 -1.4526
13.899 -4.7939
15.571 -5.7187
18.256 -0.21293
13.24 -11.06
15.096 -10.316
13.833 -7.2601
14.551 -2.3673
13.72 -10.445
16.509 -4.4665
14.71 -1.8027
16.135 1.2144
16.869 0.76671
15.557 -2.9802
16.865 -3.88
15.708 -2.9378
15.603 -5.9362
16.472 -0.74342
17.35 -1.7377
15.528 -6.8167
18.271 -0.74973
14.285 -4.1413
13.071 -4.0861
16.311 -6.9633
12.801 -9.9869
12.006 -8.4641
15.777 -2.3888
16.158 -3.1444
15.422 -5.6432
15.503 4.0067
16.626 -7.3058
15.342 -0.7792
16.163 -4.1586
15.422 -7.6789
15.332 -5.8289
18.415 1.7275
18.593 1.5096
16.249 -8.2748
17.098 -0.62942
17.729 -0.71096
13.815 -4.3826
12.664 -4.4001
17.634 -7.6345
16.062 -0.85867
14.012 -8.3187
16.952 -4.5349
17.008 -4.7554
18.607 -0.052549
15.701 -5.2267
15.712 -3.5062
14.43 -7.9112
12.436 -4.7204
15.022 -4.8802
17.568 -4.6
14.51 -5.4664
16.32 -3.8534
13.957 -4.1356
17.998 -2.9885
17.762 0.51146
14.812 -4.3748
14.544 -1.6872
17.333 -2.4054
17.467 1.1695
17.259 -2.8507
16.037 -1.8255
16.431 -6.3886
16.645 -4.248
15.407 -4.6813
18.695 0.98458
14.713 -7.6566
14.982 -6.4267
16.04 -6.7413
16.112 2.5224
14.507 -7.7741
14.238 -6.8023
14.988 -9.4422
15.492 -7.2191
15.968 -3.9324
14.208 -8.3282
15.026 -4.5205
15.345 -2.2714
14.53 -6.8943
17.371 0.51842
16.71 -0.33564
15.518 -0.44607
18.186 0.32308
17.598 -1.7883
15.809 0.4661
17.415 -0.43653
15.697 -4.59
15.343 -5.8765
14.829 -6.0571
17.842 -2.1748
18.13 -3.0665
17.479 -2.1303
15.81 -2.8354
17.86 -1.7963
15.855 -6.6397
16.291 -5.0628
15.955 -2.862
15.398 -2.9963
16.384 -1.696
16.357 -5.4474
14.599 -7.0152
16.21 -6.692
19.641 -0.13034
16.684 -5.5614
18.021 -4.1095
16.398 -1.736
15.47 -9.4068
15.715 -5.0153
14.04 -5.0816
14.929 -5.4279
17.151 -1.9567
16.787 -2.1648
15.757 2.8308
19.821 -0.42803
18.425 0.59606
15.962 -6.825
15.809 -1.894
16.924 -1.0462
15.267 -2.6069
17.498 -2.9782
16.331 -4.5752
16.684 -0.99524
14.355 -4.9666
16.213 -0.032214
16.454 -1.4187
14.119 -0.20751
14.33 -2.6762
14.461 -9.2091
17.01 -6.2081
16.987 -3.8322
13.538 -10.282
16.169 -4.4449
13.762 -4.2096
16.029 -1.052
16.549 -4.8392
13.286 -4.407
17.833 -0.19101
15.906 -4.4501
14.338 -4.2628
19.357 3.6819
18.643 -1.2682
16.529 -3.3602
15.729 -3.9417
17.372 -3.0624
17.22 -1.2571
12.658 -7.2195
14.739 -2.6468
14.011 -6.4079
15.283 -6.7518
17.526 -2.1894
13.929 -6.9643
15.388 -5.8516
16.928 3.3585
11.855 -10.292
18.05 -1.1597
13.107 -9.3547
15.84 -4.229
15.673 -5.3063
16.189 -3.5752
16.943 -2.1483
13.859 -7.5144
17.692 -1.0851
15.952 2.3108
16.243 -0.82342
14.361 -4.2913
15.932 -6.3017
16.478 -1.7472
16.148 -1.1288
16.654 -8.5163
14.311 -5.5848
12.892 -1.8502
15.871 -6.4699
14.461 -8.6226
15.847 -1.0115
16.499 -6.9849
14.006 -7.718
13.531 -6.3959
14.67 -6.5616
14.796 -5.8322
15.689 -4.1759
15.607 -5.7219
17.402 -2.1946
15.795 -6.8988
17.016 -7.5508
15.632 -1.9113
14.195 -11.005
16.973 -3.9724
14.986 -1.4978
13.813 -12.23
16.657 -2.8043
16.821 -0.56433
16.631 1.0741
14.968 -5.5395
16.028 -4.5354
14.914 -10.253
16.157 -3.162
15.37 -6.7138
16.947 -4.565
15.728 -3.5888
15.335 -5.2514
16.278 -5.0818
14.222 -9.2413
15.698 -4.1561
14.379 -8.205
15.264 -6.8227
17.492 -1.1192
16.319 -0.53635
15.385 -5.6765
16.539 -2.9106
16.398 -4.61
15.439 -4.7086
14.261 -8.6433
18.474 -2.874
16.069 -4.8325
18.27 2.3021
15.935 -5.9115
17.704 -2.8699
16.82 0.41699
15.99 -6.4455
13.794 -5.5118
14.982 -7.2841
15.517 -4.777
17.354 -1.7015
17.257 -0.80652
16.379 -3.9318
15.895 -5.72
16.709 -3.588
15.25 -2.1944
17.418 2.3969
15.004 -4.5393
13.965 -4.0262
15.824 -6.1968
13.94 -6.0305
16.428 -0.71771
17.728 -1.5226
14.067 -7.4527
13.679 -9.9547
15.663 -0.30186
15.883 -3.6526
17.606 -0.036541
16.441 0.53927
16.589 -3.613
14.929 -7.3476
15.977 -4.2104
17.461 -6.0335
16.961 -5.0391
15.64 -4.1079
15.559 -5.0044
19.312 4.3757
16.525 -1.4818
15.142 -4.7326
15.403 -3.7515
16.232 -2.9429
17.88 -0.90808
15.617 -4.5917
16.223 -5.8347
18.341 0.92028
17.488 -1.466
15.348 -7.529
14.721 -7.3904
17.709 -2.4417
15.965 -6.2142
15.845 -3.7055
14.106 -6.281
12.341 -11.27
14.786 -1.2312
17.957 -6.1674
15.319 -5.9997
14.822 -3.5738
15.513 -0.67268
16.965 -5.2178
14.929 -6.853
12.709 -4.0964
14.999 -4.4889
17.534 -4.2357
17.839 -0.90408
17.593 -5.6505
16.645 -6.8634
16.247 -2.2862
14.53 -10.285
16.979 -3.6139
14.945 -2.5454
16.653 -5.327
14.113 -1.0036
15.836 -1.4627
17.731 -5.5699
15.574 -2.2272
16.561 -6.7668
15.907 -6.8058
15.42 -0.21449
16.351 -1.1383
15.308 -0.10072
16.789 0.0065661
15.034 -4.6256
14.889 -1.8147
15.406 -8.8112
17.345 -1.0066
16.672 -4.1464
17.258 -2.2045
18.995 2.5923
15.504 -0.85407
15.245 -6.1565
17.177 -4.6925
15.747 -4.8387
16.814 -1.2019
17.016 -3.0083
17.141 -2.7186
15.829 -2.4849
18.695 -2.0723
15.808 -2.1149
13.924 -5.1071
15.131 -5.7188
17.09 1.6843
17.933 -5.8039
15.508 -1.1842
18.382 -0.93349
16.196 -6.7482
15.272 -4.2344
17.408 -4.9441
15.517 1.0433
14.332 -4.7103
11.996 -13.766
17.018 -4.4421
16.748 -3.0359
14.64 -6.8994
14.347 -4.9604
12.93 -12.648
14.847 -3.0952
15.205 -8.8516
17.261 -4.9479
15.779 -6.0855
18.885 5.829
15.074 -6.2524
14.464 -2.8346
15.644 -6.8664
16.251 -3.9111
16.226 0.024561
16.23 -4.9494
16.593 -1.3539
16.797 -1.0112
15.543 -3.4176
14.519 -8.2452
16.13 -4.5965
17.573 -0.50263
18.986 -0.95709
15.802 -5.2297
14.123 -1.8538
13.774 -5.2184
15.027 -4.4668
14.217 -8.5569
15.537 -3.3098
14.116 -10.462
16.58 -1.4098
18.25 0.50037
17.665 -1.3539
16.204 -0.032344
16.527 -5.185
15.68 -0.11709
14.467 -6.0777
14.261 -7.5013
15.066 -1.3501
16.322 -8.0204
13.605 -9.9005
15.464 -4.8711
16.267 -0.52714
16.565 -1.9753
16.847 -1.7792
18.959 -1.1253
15.196 -12.565
16.766 -6.82
13.779 -6.7472
17.294 -2.2939
15.292 -2.2354
17.063 -1.3505
19.793 2.9209
14.857 -4.5422
15.534 -5.4531
18.429 0.29018
17.968 0.087838
16.606 -4.164
15.424 -4.0771
14.915 -3.319
14.598 -6.568
14.867 -7.4416
16.387 1.1814
16.394 -5.3791
18.295 6.0829
16.067 -3.5772
16.731 -4.9663
15.046 -6.7188
16.223 -5.7659
14.286 -5.4524
16.994 -3.4331
13.967 -7.6329
16.173 -4.1271
17.422 -0.37276
16.542 -1.0869
16.817 -4.737
15.332 -8.5739
12.288 -11.678
15.336 -7.2407
16.545 -4.9014
13.879 -9.816
14.87 -7.029
18.275 -0.45377
15.849 -2.7297
16.098 -3.7512
13.926 -5.2635
15.935 -6.1723
17.309 -3.7164
13.564 -8.108
15.454 -6.6319
15.567 -5.4177
16.528 -3.6815
17.856 -4.2483
18.363 3.446
16.72 0.11373
18.133 2.0475
15.153 -2.9799
15.648 -6.3773
14.444 -5.0798
19.082 0.33689
13.427 -6.2056
16.642 0.65752
15.473 -6.086
16.62 -0.64062
13.82 -5.5266
13.538 -6.0342
16.418 -3.8067
18.717 -3.5176
16.669 -4.131
16.873 -4.98
14.995 -6.1744
16.46 0.83014
15.146 -8.8245
15.063 -6.9067
14.752 -3.3929
15.52 -7.5669
17.187 0.3719
19.073 1.6506
16.379 -1.0173
15.781 -0.39922
14.044 -4.4364
17.112 -6.9613
16.817 -2.74
14.791 -3.5821
17.172 -9.3333
17.832 -3.2602
