-0.266484 0.574908 
-0.336049 0.648162 
0.886191 1.179274 
1.552619 1.225525 
1.831822 0.585167 
0.098649 0.907369 
0.806261 1.223768 
1.202156 1.043904 
2.235504 0.698404 
0.995897 1.234709 
-0.771243 0.452044 
2.103027 0.778304 
1.033118 1.327958 
-0.107436 0.953632 
-0.317260 0.907355 
2.424063 -0.028592 
1.678236 1.048837 
1.635656 0.944056 
2.364393 0.247060 
1.043872 1.413388 
1.837059 0.726270 
0.335730 1.261649 
-0.537531 0.617490 
2.112933 0.443965 
-0.560504 0.266942 
0.840750 1.339423 
-0.728682 0.150019 
1.474108 0.999090 
2.101784 0.822374 
1.371983 1.129980 
2.174548 0.656467 
1.459874 1.090465 
0.967650 1.125692 
2.302319 0.078654 
-0.660487 -0.058391 
-0.756924 0.228142 
0.174569 0.900245 
2.371235 0.317156 
1.121864 1.196635 
0.881146 1.117300 
1.065700 1.094119 
1.264131 1.157606 
1.710670 0.700848 
-0.640600 -0.146074 
1.582719 0.885194 
0.229722 1.106437 
0.252885 1.081457 
0.003946 0.919781 
2.087763 0.645089 
-0.610522 0.451367 
2.404456 -0.014772 
1.892076 0.701771 
0.925230 1.276315 
-0.084810 1.024529 
0.027501 0.914987 
2.225218 0.168996 
-0.906042 -0.123863 
0.273071 0.924064 
1.930352 0.711350 
2.368500 0.036328 
-0.746545 -0.248039 
1.743681 1.074919 
2.498255 0.118396 
0.521324 1.034786 
-0.810048 0.245160 
1.133349 1.041386 
2.584140 -0.023459 
1.537864 0.951668 
2.310486 -0.255130 
0.088469 1.079240 
0.044172 1.171768 
0.661911 1.314922 
2.242446 -0.316031 
2.353818 0.272111 
0.050912 0.985733 
-0.105105 0.734669 
1.774898 0.987980 
2.328977 -0.138396 
2.494702 0.260718 
1.698340 1.033354 
2.129394 0.377168 
0.072784 0.863771 
-0.036158 0.857184 
1.447842 1.160869 
0.401783 1.260503 
-0.475594 0.863104 
-0.687138 -0.332248 
1.400928 1.129974 
2.140181 0.657048 
1.025909 1.122686 
1.972601 0.575342 
-0.658704 -0.218500 
1.453341 0.946506 
2.076840 0.581764 
1.810286 0.920304 
-0.339597 0.471132 
1.695786 0.732701 
0.908067 1.253998 
2.372135 0.208931 
2.383756 -0.257224 
2.350263 0.304568 
-0.385945 0.938582 
0.295041 1.111662 
-0.241087 0.633973 
-0.733656 -0.324758 
2.230383 0.405467 
1.709028 0.875188 
2.446557 -0.210408 
1.126083 1.248866 
1.316384 1.242455 
-0.507772 0.359395 
-0.009288 1.071181 
-0.467330 0.670462 
-0.787460 -0.207848 
-0.723302 0.288487 
0.003728 1.063157 
2.181642 0.083968 
-0.889812 -0.228859 
2.283298 -0.227795 
-0.049300 0.861594 
2.304293 0.160424 
1.761014 0.899826 
1.311233 0.988032 
2.452614 0.025188 
2.380864 -0.329851 
-0.634490 -0.263704 
0.575484 1.117028 
-0.384552 0.555467 
1.165971 1.182092 
-0.552387 0.485647 
-0.464244 0.782278 
2.043513 0.742045 
0.488633 1.115819 
-0.363874 0.599386 
1.778091 0.901654 
-0.522702 0.091660 
0.749662 1.118540 
1.296476 1.124124 
2.369982 0.204026 
2.329961 0.479240 
-0.938400 -0.300188 
-0.394728 0.623167 
2.328231 -0.289780 
-0.454986 0.892001 
2.074776 0.442172 
-0.485503 0.479860 
0.141730 0.935646 
-0.819297 0.182640 
-0.129427 1.067392 
-0.004251 1.186519 
0.829197 1.120849 
1.788348 1.077938 
1.727950 0.968730 
1.800576 0.691406 
0.973113 1.055784 
2.263835 -0.102168 
0.487254 1.257977 
2.183160 0.310147 
0.399428 1.352600 
0.955041 1.408462 
2.585373 -0.252409 
2.094803 0.243430 
-0.694755 0.113761 
2.393249 -0.102751 
-0.019897 1.089984 
1.475427 0.905317 
0.093334 0.960098 
-0.088468 0.877008 
2.225258 -0.248953 
0.787044 1.029874 
2.205173 0.518233 
2.307231 0.016705 
1.122449 1.094587 
-0.489938 0.599390 
-0.419390 0.826342 
2.257995 0.109097 
2.257419 0.633584 
2.345196 -0.310990 
1.694490 1.198800 
0.983270 1.260059 
2.036504 0.897605 
2.041071 0.411479 
-0.269161 0.726451 
2.165656 0.158485 
-0.161613 0.848280 
1.989783 0.660179 
-0.850822 -0.071761 
0.408552 1.199562 
-0.112826 0.816432 
-0.454633 0.637902 
0.773154 1.110895 
-0.620463 -0.058045 
-0.848860 0.210732 
-0.171764 1.102284 
0.030393 0.906329 
0.195310 0.905669 
1.982910 0.385639 
0.755202 1.170725 
2.342793 -0.167443 
0.777350 1.101506 
-0.102061 1.056239 
2.398516 -0.295258 
2.471223 -0.282410 
0.248866 0.966800 
2.434214 0.403493 
-0.720687 0.016319 
2.232186 0.659225 
2.199526 0.506711 
0.077258 1.208453 
1.621755 0.892448 
0.592202 1.398940 
1.827228 1.130774 
1.291834 1.094216 
0.165591 1.061270 
2.190710 0.627131 
1.874392 0.774934 
1.580520 0.821046 
1.787206 0.921857 
-0.934316 -0.194018 
1.258809 1.128467 
0.405442 1.339292 
-0.243679 0.687804 
-0.809691 0.259548 
2.072537 0.657287 
0.753105 1.325843 
1.600577 0.855769 
1.080098 1.368685 
2.060876 0.250799 
2.482185 0.273257 
0.819932 1.437193 
-0.459756 0.348832 
-0.679533 0.110084 
-0.632136 0.575086 
1.051804 1.005874 
-0.224928 0.934000 
1.886360 0.587884 
-0.430540 0.352648 
2.008158 0.549258 
2.125067 0.319446 
0.298588 1.184282 
2.601576 -0.241891 
-0.934411 0.039691 
2.149322 0.638314 
1.940588 0.652355 
-0.578582 0.726767 
1.428461 0.969409 
1.351901 1.029779 
1.963629 0.929875 
2.457536 -0.003820 
-0.547832 0.494778 
0.757610 1.396608 
2.204327 -0.147164 
-0.638822 0.616384 
0.960428 1.376195 
-0.859294 -0.145296 
0.388210 0.957179 
2.587612 -0.182582 
-0.372469 0.932297 
2.350710 -0.048541 
2.254271 -0.354894 
2.274104 0.015210 
0.979912 1.265465 
-0.587956 -0.227375 
1.848689 1.052520 
2.273975 0.315338 
-0.185766 0.819496 
1.738997 0.843576 
2.399556 -0.018301 
2.218384 0.480715 
1.293808 1.309609 
2.058297 0.573114 
2.269506 0.099155 
2.339139 0.386292 
0.911730 1.086496 
-0.873171 0.041365 
1.113562 1.099211 
-0.655802 0.569984 
1.754354 0.857496 
0.447429 1.179061 
1.896586 0.965128 
-0.162162 0.779159 
1.954835 0.734003 
-0.019090 1.099189 
0.872676 1.097328 
0.202702 1.121964 
-0.789127 -0.200467 
2.338134 0.544889 
2.287821 0.462689 
-0.395952 0.904625 
2.138054 0.319622 
1.099880 1.401011 
1.115627 1.151485 
-0.094220 1.003198 
-0.457676 0.262813 
2.509692 -0.072498 
-0.546321 0.234434 
-0.280485 0.609426 
2.246042 0.419465 
-0.091770 0.994661 
-0.073306 0.902830 
-0.868492 -0.138630 
1.647882 0.870505 
2.550621 0.045332 
2.559522 -0.089504 
0.093148 0.884636 
1.313392 0.954598 
0.708783 1.063160 
1.753738 0.779312 
-0.724832 0.544234 
-0.600817 -0.243498 
0.719891 1.088200 
-0.320761 0.638086 
2.173103 0.258829 
-0.318158 0.451051 
-0.550893 -0.146345 
1.779832 0.985231 
0.592739 1.189477 
0.469989 1.031830 
-0.034851 1.080865 
1.419050 0.929746 
0.768084 1.204252 
-0.545929 0.214292 
1.099660 1.104581 
-0.607590 0.119075 
1.801407 0.898124 
2.268011 0.063780 
1.738383 0.940552 
1.306180 0.942019 
1.909596 0.916896 
-0.226359 0.893285 
2.364855 0.384205 
0.662410 1.419882 
-0.634162 0.232398 
1.720289 1.135561 
2.149851 0.588398 
2.133418 0.395276 
1.342870 1.291819 
1.191239 1.030120 
1.030425 1.300722 
-0.867333 -0.304826 
1.713366 0.816474 
0.328288 1.014079 
-0.718257 0.301915 
0.048851 0.972977 
-0.785780 -0.195677 
0.910830 1.369415 
-0.933704 -0.170062 
1.227308 1.220352 
1.926135 0.537157 
2.128252 0.502968 
-0.404022 0.804818 
1.896754 0.765838 
1.961507 1.005000 
0.316748 1.342435 
0.784914 1.345894 
2.317565 -0.036325 
-0.585063 -0.315095 
2.243310 0.715248 
1.906218 0.993595 
-0.128841 0.948179 
2.165224 0.775122 
-0.512106 0.793001 
2.404977 0.010651 
2.174834 0.709236 
2.016203 0.866225 
-0.698380 0.213936 
0.464822 1.081878 
2.260107 0.458888 
1.513697 1.123742 
-0.225565 0.970008 
-0.764602 0.333143 
0.903533 1.333663 
1.396986 1.153718 
-0.581061 0.666786 
0.291393 1.164269 
0.048293 1.106184 
2.338037 -0.098026 
0.116638 1.051360 
0.827477 1.145016 
0.655600 1.203840 
0.705528 1.402607 
-0.779078 -0.237348 
0.449020 1.207062 
-0.832473 0.340122 
0.716908 1.250416 
-0.567525 0.738950 
2.204492 0.730842 
-0.302439 0.522252 
2.250629 -0.274901 
0.744642 1.281443 
-0.943575 -0.022324 
1.917542 0.906038 
1.263897 1.166015 
-0.568971 0.208799 
0.739497 1.245391 
1.576340 0.839306 
1.781999 0.907114 
2.303158 0.299584 
2.019122 0.667121 
1.025577 1.105312 
2.375577 0.495127 
-0.423255 0.609595 
-0.766790 0.484385 
2.075158 0.296839 
1.432089 1.073645 
0.481304 1.371086 
2.277483 -0.229445 
2.042763 0.939013 
0.056022 1.193186 
2.265428 0.574044 
-0.590010 0.153329 
-0.037051 1.192927 
2.110200 0.834391 
1.393694 1.332682 
2.475770 -0.258386 
-0.282661 0.689196 
0.703014 1.102327 
0.619874 1.407031 
2.185838 0.570494 
-0.113652 0.799519 
-0.921824 0.077965 
1.499468 0.986419 
-0.659530 0.631121 
1.233024 1.197919 
-0.208783 0.733838 
-0.937124 -0.214555 
1.854948 0.879630 
1.728668 0.994674 
1.607552 1.135838 
-0.466058 0.205897 
1.408671 0.947395 
2.372921 -0.219247 
1.998203 0.428446 
0.363185 1.123048 
0.787203 1.226153 
2.069531 0.710584 
0.310308 0.986989 
0.207860 1.125204 
1.511080 0.861715 
2.382656 -0.124369 
-0.289110 0.728448 
0.843504 1.135012 
0.493254 1.222649 
1.505333 1.197334 
1.492173 1.140854 
-0.868652 0.183096 
2.534590 -0.007218 
1.943392 0.633149 
1.238006 1.078138 
0.054321 1.048800 
0.115954 1.253183 
-0.250562 0.569196 
-0.408169 0.528486 
-0.331879 0.825559 
2.078550 0.609774 
2.404503 0.106436 
2.222339 0.221186 
1.191840 1.266260 
0.967071 1.367686 
2.340820 0.200701 
2.016135 0.849220 
2.204482 0.477145 
-0.893960 0.058126 
1.049157 1.184429 
-0.071660 1.033469 
-0.842745 0.321611 
1.957846 0.522530 
2.230844 -0.232961 
2.502908 -0.328775 
-0.550119 -0.019189 
1.820337 0.991579 
-0.644995 0.238736 
-0.323367 0.471770 
2.157831 0.753004 
1.819062 1.000530 
0.755283 1.227739 
2.355293 0.579458 
0.854044 1.319384 
2.507039 -0.115344 
1.617194 1.138411 
-0.587301 0.609283 
-0.001029 1.085705 
1.507877 1.256152 
-0.423952 0.679279 
2.107923 0.373122 
-0.586725 -0.358877 
1.703572 0.856588 
-0.036049 0.981835 
1.265997 1.369192 
0.639436 1.092044 
2.275019 0.229289 
2.077121 0.868886 
2.162206 0.262459 
2.118924 0.336354 
2.245278 -0.273979 
2.390516 0.237797 
0.860039 1.411000 
2.339808 -0.307577 
2.346042 0.367304 
-0.279562 0.479743 
1.122014 -0.530660 
-1.806218 -1.231862 
0.754270 -1.198166 
0.676215 -0.831534 
0.708328 -1.037971 
0.955767 -0.343351 
-1.718658 -1.303704 
-2.086257 -0.358822 
1.157907 -0.015260 
-2.057439 -0.655606 
-0.068407 -1.464677 
-0.567937 -1.767457 
0.888406 -0.368918 
-1.598899 -1.010651 
-1.120326 -1.444781 
-1.047259 -1.456294 
0.921981 -1.084018 
-1.940592 -0.539344 
-1.009876 -1.711736 
0.117402 -1.312916 
-0.492130 -1.591225 
-1.945762 -0.600454 
0.015574 -1.450831 
-1.841776 -0.620874 
-1.450819 -1.369182 
-0.992359 -1.531649 
-0.900030 -1.504205 
-1.473662 -1.513150 
-0.770247 -1.753432 
-0.160564 -1.653679 
1.128023 -0.206071 
-1.295679 -1.504852 
1.014489 -0.497152 
-2.153365 -0.053377 
1.159463 -0.200027 
-0.202856 -1.384034 
0.943388 -0.710897 
-0.867342 -1.492394 
-0.893278 -1.454362 
-1.352736 -1.148658 
-1.512337 -1.244652 
0.725276 -1.055401 
0.756780 -0.975211 
-0.534333 -1.442275 
-0.377254 -1.645471 
-0.233253 -1.585471 
-1.604728 -1.269768 
-0.356942 -1.645435 
0.937470 -0.922897 
1.040072 -0.873600 
0.986580 -0.808828 
-1.906993 -0.530818 
-1.804905 -0.723560 
-1.980715 -0.159098 
-1.754763 -0.828497 
-1.905644 -0.667890 
0.361727 -1.370783 
0.422253 -1.145324 
1.072931 -0.179152 
0.914670 -0.175904 
-0.270873 -1.526353 
-1.562650 -1.419433 
1.049819 -0.121111 
0.037946 -1.663940 
-1.933072 -0.072233 
1.102925 -0.761742 
-0.092869 -1.745344 
-0.107356 -1.620689 
0.422934 -1.522548 
-0.176000 -1.439764 
-1.938680 -1.035329 
0.880205 -0.358046 
1.212611 -0.176693 
1.027973 -0.612562 
0.398982 -1.126794 
0.899682 -0.335183 
-0.953089 -1.682779 
-1.757710 -1.113463 
0.596975 -0.928879 
-2.192767 -0.191767 
0.869494 -0.378758 
-2.017874 -0.422568 
1.101482 -0.456016 
-0.566193 -1.519130 
0.317444 -1.469096 
-1.019442 -1.487191 
-1.583154 -1.387996 
-1.466414 -1.278906 
-1.960344 -0.089102 
-1.141915 -1.522440 
0.996167 -0.171893 
-0.139191 -1.362652 
-1.949376 -0.580535 
0.045713 -1.518424 
-1.047198 -1.374606 
0.660666 -0.759714 
-0.311452 -1.514732 
-1.003545 -1.325170 
-0.244753 -1.624594 
-0.651103 -1.630756 
-0.618350 -1.640354 
-2.068776 -0.112722 
-0.161150 -1.566830 
-0.336416 -1.679886 
0.188074 -1.651462 
-1.818428 -0.889362 
-0.730070 -1.742875 
-1.881636 -1.078493 
0.890471 -0.421680 
1.124237 -0.568158 
0.574178 -1.143583 
-1.049323 -1.548649 
0.537459 -1.407408 
-2.026029 -0.264308 
-2.125754 -0.171145 
-0.963386 -1.700039 
-2.283902 -0.077579 
1.242063 -0.075430 
-1.868713 -0.239438 
-0.021880 -1.600436 
-1.958851 -0.515813 
-1.348899 -1.499843 
-2.237982 -0.436964 
-1.519639 -1.282133 
-2.058584 -0.516971 
0.762831 -1.144474 
0.425852 -1.130117 
-2.196618 -0.185801 
-1.332312 -1.338539 
1.194801 -0.052795 
0.054053 -1.561735 
-0.183327 -1.697550 
0.998553 -0.413251 
0.119661 -1.576871 
-0.839491 -1.506374 
-2.028853 -0.223837 
-0.336649 -1.688393 
-1.288744 -1.409951 
0.085036 -1.651618 
-0.463023 -1.639249 
0.134394 -1.602088 
-1.120958 -1.383983 
0.901768 -0.112369 
-1.169538 -1.322645 
-2.214516 -0.470354 
0.670368 -1.021423 
-1.471044 -1.355521 
-0.119142 -1.552018 
-0.549043 -1.618338 
-1.413523 -1.448561 
-0.517557 -1.437235 
0.557645 -1.320677 
-0.800167 -1.648825 
-1.678286 -0.786367 
-0.022192 -1.539997 
0.758546 -0.582326 
-1.525599 -1.362761 
0.375064 -1.314984 
0.742104 -0.869111 
0.528986 -1.083210 
0.671003 -1.206520 
-1.133796 -1.446694 
-1.136293 -1.596472 
0.670193 -1.342494 
-1.559380 -1.414813 
0.770121 -0.563534 
-0.481207 -1.710728 
0.635076 -0.872526 
-0.665421 -1.395204 
-1.180252 -1.658953 
0.874985 -0.420169 
1.040734 -0.016048 
0.672876 -1.154650 
-2.061621 -0.621065 
0.743555 -0.791862 
1.075092 -0.844654 
0.763971 -1.234732 
0.908717 -0.441680 
-1.004469 -1.687630 
0.095171 -1.408399 
0.139049 -1.550052 
0.951008 -0.547327 
1.033906 -0.503728 
-1.098182 -1.697622 
-0.658268 -1.703527 
0.295415 -1.132848 
0.150386 -1.639901 
1.142087 -0.213683 
0.408166 -1.069722 
0.658622 -1.023509 
-1.189851 -1.359518 
-0.504409 -1.545846 
-1.753334 -1.120313 
0.557248 -1.407589 
0.650442 -0.863885 
0.084020 -1.369747 
-0.553516 -1.640063 
-0.045301 -1.563788 
0.883020 -0.450314 
0.401662 -1.251799 
-0.159098 -1.614724 
-1.346671 -1.115965 
0.623372 -0.856964 
-1.012819 -1.680776 
-2.176948 -0.311567 
-0.965637 -1.545817 
1.008910 -0.705247 
0.858054 -1.174433 
-1.868577 -1.114048 
-1.886208 -0.626381 
-1.431990 -1.310815 
-0.422413 -1.526200 
-1.298490 -1.218053 
0.982011 -0.836148 
0.901271 -0.595795 
-0.609664 -1.576697 
0.945830 -0.097820 
-1.565079 -0.907404 
-1.243195 -1.299944 
-1.920067 -0.182017 
0.919252 -0.487397 
-1.053313 -1.334008 
-1.983532 -0.124567 
-1.492791 -1.215326 
-0.708970 -1.526658 
-1.741135 -0.608648 
-1.980657 -0.399902 
-1.940096 -0.415970 
-1.157556 -1.457111 
0.800568 -0.819644 
-0.289318 -1.512301 
0.190324 -1.479691 
0.962872 -0.261128 
-0.140493 -1.643486 
-0.467760 -1.584571 
-1.930749 -1.067682 
-1.988268 -0.542867 
0.990824 -0.447998 
-1.795777 -0.746887 
0.939946 -0.210541 
-1.935036 -0.215225 
-1.508512 -1.440586 
-1.488006 -1.279489 
-1.965420 -0.197788 
1.231731 -0.025334 
0.445096 -1.518895 
-1.909707 -0.885466 
-1.689331 -1.307647 
-0.795720 -1.602042 
-1.650447 -0.924740 
-0.848371 -1.710364 
-2.128818 -0.363356 
-0.902755 -1.558628 
-1.291902 -1.492172 
-1.890492 -0.661958 
0.842181 -1.133053 
0.789770 -1.082666 
0.191765 -1.450674 
1.025775 -0.206812 
-0.953280 -1.726440 
-0.230401 -1.521248 
0.833837 -0.576410 
-2.052572 -0.027100 
-1.917306 -0.426378 
0.346258 -1.482740 
0.146174 -1.675013 
-1.907671 -0.838465 
-1.392285 -1.383340 
0.632061 -1.071504 
-1.140153 -1.341341 
-1.705216 -1.130369 
-1.816899 -1.100866 
-2.136830 -0.723875 
0.961425 -0.574774 
-2.009127 -0.797520 
-1.854229 -0.576526 
-0.403264 -1.461365 
1.092210 -0.710345 
-0.252272 -1.751918 
1.011680 -0.288748 
-0.845024 -1.686178 
0.450492 -1.068582 
-1.869039 -0.606154 
0.971524 -0.059587 
1.210074 -0.350903 
0.996872 -0.115375 
-1.771795 -0.653195 
-1.888251 -0.754717 
1.019548 -0.839740 
-1.985136 -0.970615 
-1.389507 -1.106220 
-1.205422 -1.420248 
-0.370370 -1.641643 
-1.920640 -0.619297 
0.670917 -1.249915 
0.932309 -0.801725 
-1.902820 -0.308412 
0.784121 -1.156008 
-1.814828 -0.880936 
-2.217678 -0.211616 
-1.600587 -1.005793 
-1.596507 -1.227164 
0.943835 -0.500002 
0.709702 -1.020805 
0.986428 -0.411475 
1.147332 -0.196823 
0.457113 -1.146293 
-2.101164 -0.202794 
-2.074822 -0.060228 
0.703200 -0.726124 
-0.933294 -1.374055 
-0.075981 -1.540943 
-0.382575 -1.638234 
-1.672359 -0.931957 
0.148742 -1.465986 
-1.931739 -0.401581 
0.481536 -1.198637 
-2.022375 -0.948240 
0.348521 -1.096351 
-2.041999 -0.923371 
-1.122946 -1.681440 
-0.264441 -1.587962 
0.732906 -1.184075 
-0.720106 -1.482899 
-1.142888 -1.251686 
0.996117 -0.468079 
-0.640034 -1.526539 
-0.750632 -1.745380 
-2.236178 -0.033894 
0.294251 -1.406166 
-1.671860 -1.230931 
-1.896009 -0.034778 
1.139944 -0.489246 
-1.000084 -1.525121 
-0.558153 -1.628844 
0.660209 -0.841156 
-1.929603 -0.071342 
0.924718 -0.279386 
0.641492 -0.943706 
-0.831264 -1.608439 
-1.612239 -0.847105 
1.087928 -0.524966 
-0.604288 -1.741638 
-2.042666 -0.697918 
0.262074 -1.192596 
0.417695 -1.090404 
0.664446 -0.796178 
0.642450 -1.261008 
1.149111 -0.623557 
0.814298 -0.962851 
0.874616 -0.433820 
-0.182662 -1.486030 
0.691850 -0.781343 
0.634167 -1.346446 
0.514485 -1.052345 
1.193831 -0.515520 
-0.795307 -1.491169 
-0.832032 -1.373453 
0.486540 -1.303314 
-0.073431 -1.632346 
-1.931292 -0.216509 
-0.284198 -1.402154 
0.911957 -0.616865 
-0.324272 -1.586898 
-0.007366 -1.656353 
0.836392 -1.114804 
0.400442 -1.301147 
-2.099880 -0.730318 
0.995028 -0.328336 
-0.945968 -1.417416 
0.372629 -1.071626 
1.137075 -0.447451 
-0.886795 -1.425967 
1.038372 -0.169404 
-2.257536 -0.104954 
-0.453310 -1.381678 
0.443942 -1.148256 
-2.202967 -0.229243 
0.642042 -1.385846 
-2.005314 -0.874885 
-0.036793 -1.331394 
-1.903456 -0.155022 
1.048882 -0.438965 
-1.519759 -1.396939 
-1.275013 -1.386140 
-1.868812 -0.499157 
-2.170854 -0.067639 
0.909464 -0.999358 
-2.254627 -0.070367 
0.327575 -1.194952 
-2.190126 -0.101730 
0.559889 -1.023492 
-1.999752 -0.919072 
0.544580 -1.459057 
-0.252616 -1.437668 
0.947594 -0.649006 
-0.372604 -1.642080 
0.809516 -0.966703 
-2.068598 -0.501205 
1.004260 -0.239249 
-2.128627 -0.274133 
-1.741616 -0.999818 
-1.800669 -0.913638 
-1.448803 -1.151639 
-2.083888 -0.451780 
-0.157118 -1.576572 
1.118129 -0.301170 
-0.081432 -1.617912 
1.060155 -0.631849 
0.880014 -0.306193 
1.033276 -0.913801 
-2.028009 -0.902551 
-0.779362 -1.439173 
0.754446 -1.230551 
-0.178436 -1.415935 
-1.863818 -0.356250 
0.837212 -0.359220 
0.230163 -1.537008 
-1.775004 -0.995563 
-0.428871 -1.570122 
0.349756 -1.371184 
-1.886536 -0.152344 
-1.663837 -1.299811 
-0.178431 -1.762716 
-0.394812 -1.401025 
-1.227436 -1.343372 
-0.480592 -1.395808 
0.268184 -1.162596 
-0.913605 -1.653472 
-1.972712 -0.265298 
-0.023426 -1.560179 
1.195420 -0.403781 
-1.926508 -0.331508 
-2.125184 -0.179717 
0.647866 -0.866773 
-1.671846 -0.938837 
0.629650 -1.101158 
-0.393432 -1.740936 
-0.466839 -1.644642 
-1.796574 -1.054127 
-1.756941 -0.920530 
-0.390505 -1.512139 
-1.403090 -1.549217 
-0.879870 -1.440838 
-1.993908 -0.487212 
0.246042 -1.521209 
-1.707295 -0.713882 
0.840004 -0.394777 
-1.267203 -1.541636 
-0.254044 -1.414528 
-1.613028 -0.913709 
-1.916862 -0.526388 
1.097462 -0.326790 
-1.240671 -1.330939 
1.122897 -0.444352 
-1.332486 -1.259844 
1.213295 -0.548086 
-2.230336 -0.370290 
-0.254715 -1.635821 
0.362201 -1.205885 
0.030982 -1.489654 
-1.443352 -1.017899 
0.261730 -1.409028 
1.129847 -0.044232 
1.018017 -0.278551 
0.275058 -1.560440 
-0.204787 -1.735477 
0.522923 -1.054748 
-0.452928 -1.625707 
-0.063204 -1.580314 
-1.265340 -1.592606 
0.380927 -1.311499 
-1.055524 -1.390259 
-0.066812 -1.408444 
1.259349 -0.150653 
-1.979854 -0.914206 
1.174982 -0.320952 
-1.172580 -1.473487 
1.034595 -0.047743 
0.100502 -1.511777 
0.705840 -1.225452 
-2.270044 -0.022508 
-0.137998 -1.630074 
-1.698946 -0.849563 
-2.183162 -0.244864 
-2.144581 -0.179892 
1.164111 -0.380316 
-0.861920 -1.348328 
-1.228335 -1.186757 
0.879899 -0.335536 
0.835137 -0.488868 
0.527618 -1.353032 
0.927020 -1.075195 
0.449446 -1.070806 
-0.667704 -1.788571 
-0.782998 -1.622821 
-1.071868 -1.428262 
-1.778610 -0.569275 
0.217546 -1.306114 
0.991706 -0.405461 
-2.020783 7.141831 
-1.469427 -7.514188 
5.983121 1.761371 
4.318750 -2.786092 
5.547053 1.145038 
-0.853367 5.230136 
-5.068161 -3.259799 
5.227288 1.379035 
5.867060 -0.833291 
-5.576857 -0.386191 
-2.103268 -4.630587 
-2.510998 4.027754 
2.978534 -6.002970 
-5.239893 -2.227965 
2.320811 -4.836432 
-2.857917 5.212528 
-0.218879 -6.976987 
6.100945 0.709838 
6.029024 -1.305961 
-2.702323 -6.212881 
5.403444 -0.960268 
3.447258 5.071623 
2.284944 5.737165 
4.311019 4.806283 
5.744107 -4.420705 
5.108559 1.168139 
1.888240 -6.596449 
-3.399548 -4.765952 
-3.454353 3.725207 
-4.836157 4.689958 
4.882549 2.795897 
-5.315452 -5.372279 
-4.384381 -3.705970 
-0.553368 -6.393427 
1.561697 6.842395 
-2.997923 -4.604897 
-2.074807 6.571751 
4.662778 2.100557 
-1.429048 -7.465066 
3.475724 -3.841538 
7.256528 0.170245 
5.845186 -4.156173 
4.492428 5.908620 
-6.419227 -1.137124 
7.278663 -2.517020 
1.434336 -5.454693 
5.898254 -1.888047 
1.004640 5.061682 
0.476016 4.693339 
5.681866 -4.912277 
2.446898 -6.682873 
-5.534355 -0.179491 
-6.434860 0.708651 
3.422639 4.283417 
-1.036240 7.715069 
4.139607 4.802968 
7.369429 1.778130 
2.988382 4.069950 
4.728800 6.177878 
-7.674669 0.282045 
4.229664 -6.126648 
3.191127 6.275899 
-2.538416 4.942033 
0.862801 5.567649 
2.936789 -7.210465 
7.124176 -1.566820 
0.724869 6.399085 
0.968995 6.939713 
0.995114 6.794993 
0.122749 -6.529931 
7.191705 -0.137762 
0.845770 -6.652411 
-5.456129 0.843231 
0.963811 6.840059 
1.578460 -4.763199 
0.554920 -5.186366 
-7.106314 0.726762 
-6.104402 -3.342935 
4.641160 -1.196790 
5.970344 -0.721950 
-3.518104 4.964978 
-4.819969 -5.177009 
0.884060 -4.886632 
-2.114465 -6.938887 
4.152670 -4.731519 
-1.456196 -6.306501 
5.412688 4.602608 
-0.902119 5.538780 
5.922919 -4.518537 
-0.016758 -5.795488 
4.772015 3.435246 
-5.803443 3.492794 
5.297432 2.950105 
0.218378 -7.286844 
4.604594 -3.154190 
4.477627 -2.081929 
5.261563 2.863305 
-2.186080 -7.117280 
7.100514 1.507188 
5.092307 3.461634 
-3.817427 -2.742167 
5.066379 -1.686215 
-4.642642 -5.462152 
-4.387481 5.981126 
4.799669 3.332419 
1.733368 7.558019 
-0.320554 6.814955 
2.178395 5.373331 
-5.472090 4.013292 
3.082346 -6.274709 
5.691636 -4.281398 
-5.786926 4.440892 
-4.284179 2.608707 
2.860720 -5.581616 
-0.007489 -5.474180 
-2.916341 4.738140 
-5.701998 2.390938 
-2.812694 6.791221 
3.555941 -5.203042 
-3.010008 -5.051757 
-4.343108 -2.556488 
1.231648 6.080975 
-1.710980 -4.756340 
6.425465 3.676082 
-0.101374 -4.936040 
-6.619532 -1.020327 
7.160733 0.468850 
-3.918247 -3.827672 
-6.596761 2.861448 
5.282101 3.003871 
-3.266882 -3.969354 
4.708041 -5.974216 
6.308237 -3.440698 
6.957078 -0.887374 
-0.497858 6.451388 
-3.730768 3.105580 
-3.991700 -3.277259 
6.218209 -4.639747 
-6.434073 -3.468082 
-5.393381 5.493883 
2.182815 -5.867303 
-6.565772 -3.955052 
-6.520026 1.356001 
-2.577947 -4.565004 
3.200169 4.261755 
5.753284 1.059010 
0.088357 5.475006 
-3.543594 -4.146596 
7.562215 -0.820382 
-2.793939 -4.695383 
-1.934349 -6.606957 
0.979893 -4.722794 
3.550514 -3.300197 
-5.258911 0.624958 
-6.106589 2.715728 
-2.495421 4.643922 
-1.591500 5.803944 
1.525613 4.794199 
-4.692847 -5.477554 
3.336900 4.330338 
6.905493 3.317196 
0.732756 -6.848992 
6.607680 0.696315 
-4.077231 2.537862 
4.916995 1.600423 
5.248718 5.262096 
0.035896 -7.111893 
-5.496789 0.354335 
-5.722917 2.574550 
0.512969 -5.396918 
-6.727926 1.098259 
-5.542555 -2.648577 
-2.295218 5.528849 
2.199448 -6.813043 
0.777861 -7.406950 
0.885103 -7.148107 
-5.886885 -4.303615 
-5.736424 -0.719021 
0.469001 7.605448 
-2.556674 6.302764 
-1.615370 5.822523 
-6.987341 2.808214 
-6.207493 2.274055 
-1.968332 -6.780170 
-6.959928 -2.501628 
-4.914464 5.290565 
5.830107 -1.448137 
-4.720168 4.946224 
-7.640057 -0.928528 
-0.262696 -7.278886 
-6.114924 4.303203 
-6.558119 -2.774854 
-4.056553 -3.439967 
1.271358 -4.987406 
-5.147152 -2.657213 
-6.812407 2.281737 
4.304823 2.398840 
5.605952 2.403083 
5.989011 0.868436 
5.798233 0.088273 
0.748692 4.746970 
0.341413 5.919206 
-2.458099 -5.078306 
-2.876358 5.678294 
1.367395 -7.462636 
5.623645 1.059487 
-5.351022 1.939724 
-0.143800 4.843957 
-0.436922 -4.911522 
7.456380 -1.096363 
-2.204974 -6.135639 
4.775251 0.794342 
0.455920 6.749880 
-5.583143 -2.793498 
4.819062 -6.032054 
-0.427676 -6.389563 
0.684387 6.627160 
5.207145 -0.568272 
-4.533438 -3.121913 
-4.501144 2.441682 
1.552960 6.285274 
-5.964710 -0.922356 
-1.826890 -6.024785 
-5.325432 4.507468 
5.617870 -4.171338 
-3.353865 5.738118 
-6.144279 -2.057633 
1.447528 6.530460 
1.381449 -5.189871 
-5.782580 2.972492 
0.848298 -5.665183 
-0.747393 6.351937 
-2.405863 -5.593926 
6.157071 3.936023 
-0.186690 6.571850 
1.983359 6.202147 
5.258447 4.822258 
-4.782421 5.343747 
-7.217360 2.871614 
1.854577 4.303922 
-5.023189 -4.829198 
-0.251908 6.765874 
-6.648044 -1.173262 
1.793516 5.911193 
-6.760946 -3.178455 
7.299043 -2.709003 
-6.644275 -0.161966 
-4.427514 5.140941 
-2.892503 6.040135 
4.415805 4.696412 
5.255929 -5.760131 
2.891924 5.579049 
-2.914299 6.878135 
5.191013 -3.835584 
-5.080058 -5.364709 
2.503575 -5.238150 
-0.268352 -7.546518 
-4.757989 -5.311902 
7.054081 -1.647197 
5.800074 2.806287 
2.190824 7.157824 
4.219304 -2.398335 
1.068603 6.204110 
-3.644929 -5.706137 
-6.534830 -3.238870 
-0.934446 5.399975 
0.298727 -7.154336 
1.077454 7.365390 
-3.949808 6.400992 
3.966468 -6.395068 
5.706800 -3.183822 
-3.082693 4.395600 
2.676556 4.469705 
-3.187170 -4.731092 
-5.477488 -3.069372 
-5.462780 -4.879654 
-0.494060 7.766711 
5.607572 -1.661277 
-1.171241 -6.867787 
-4.758784 4.510214 
-4.712775 -4.341758 
-2.269476 7.047136 
0.684873 -6.105580 
6.010835 -1.149823 
-6.989307 -1.920596 
-1.391552 7.437210 
-3.439575 -3.277483 
-0.196351 7.351928 
-1.212502 -6.512585 
0.414247 -7.342225 
-5.503516 -4.061208 
-3.296382 -5.129970 
-6.202805 -4.590472 
-4.439887 2.594394 
-5.187223 0.545237 
-1.563347 -6.550566 
7.288890 -2.099085 
4.824568 0.235231 
1.263471 -6.268278 
4.478525 -2.462836 
0.655404 6.890429 
2.983654 -6.151878 
-3.934490 -3.697825 
1.282451 -4.885199 
-1.666792 5.540323 
7.046357 2.510216 
6.994695 -1.386411 
-4.433225 -6.355249 
4.825327 3.525830 
1.589807 -5.686514 
3.560719 -4.725417 
-2.123009 6.316397 
2.851273 -4.005564 
-3.128864 3.878965 
0.229460 -6.775367 
-6.494172 -2.573524 
-7.311943 -1.487571 
6.423871 -1.231573 
-5.033698 -1.840314 
-6.495645 -1.809886 
-7.589636 1.375248 
-5.776705 -4.450536 
-4.259992 6.458489 
6.972732 -3.115050 
-2.147963 -4.310548 
-1.644114 -5.400662 
-3.492517 5.563234 
-6.639000 -2.281793 
4.414400 -5.767740 
6.868636 2.744619 
0.669457 6.427197 
-4.752458 -6.167137 
4.438057 5.576889 
-4.688923 4.699959 
1.993327 -5.363177 
-6.893280 1.311055 
-5.169805 1.259064 
5.930999 -0.348862 
5.080642 5.801800 
-3.009117 -6.095067 
0.107239 6.687694 
2.180603 4.349056 
-4.976408 3.434820 
0.907721 -6.126371 
-7.431782 2.069522 
-5.564932 1.267053 
2.651658 6.212058 
0.403298 4.685024 
4.149931 6.011938 
-0.200725 4.747240 
-0.486834 5.774072 
-5.577314 3.477366 
-1.297358 4.670145 
-4.479715 3.897678 
2.667724 4.885682 
1.470088 6.341922 
-0.095239 -5.610730 
-5.768325 2.262907 
6.151149 2.508085 
7.640970 -0.245096 
-3.205651 -5.030671 
-3.496761 6.784479 
-5.811368 -1.169613 
7.543940 1.615379 
3.435311 -4.349285 
4.979097 -4.544542 
3.212909 -4.938129 
-3.858220 4.389117 
-0.545784 6.113252 
-2.529311 -7.114093 
3.829933 6.015489 
5.241989 4.141131 
0.665373 5.051222 
-3.565836 -4.170500 
3.389420 3.262796 
3.703173 5.963134 
-6.578706 0.211115 
-5.960281 0.695286 
-0.682085 -5.973721 
7.201308 -1.154717 
-3.831378 5.422595 
6.777121 0.315154 
-4.921579 -2.752451 
-4.142964 3.076138 
-5.342004 3.153598 
2.102347 6.949791 
-4.811696 -2.232329 
-5.849859 -0.297240 
-4.533913 -4.222587 
-2.899380 -5.982016 
-1.285732 7.336912 
-0.370045 5.416460 
-0.604164 5.269508 
-2.366639 6.003510 
4.095843 3.542420 
2.701348 -5.840091 
-2.205824 -5.183999 
-1.089823 5.139637 
1.639687 6.519575 
3.761043 -5.663506 
-2.880814 -5.196768 
6.965366 -0.884001 
5.193100 0.850786 
6.250200 2.083878 
-4.585654 -4.797594 
-6.165073 4.512025 
3.245378 5.939962 
-5.644423 -2.104280 
6.902382 -1.526811 
7.262293 -1.248632 
4.387067 -4.806942 
1.487950 -6.376935 
-4.866255 -5.507918 
4.933552 2.898813 
1.836369 -4.911098 
5.124723 5.833769 
-5.931692 0.062431 
-1.321028 -4.950958 
7.143844 2.861409 
0.321950 7.254840 
-0.876064 -5.409807 
5.529067 3.663333 
-5.464064 -5.335728 
6.236761 -2.944392 
4.161196 3.256211 
-4.800243 -4.678106 
-5.505434 -2.535560 
-3.656543 -4.630055 
7.706953 -0.288429 
-2.751133 6.037026 
-3.298934 3.678409 
-4.443167 5.197181 
4.211031 4.516484 
5.777444 3.836591 
6.198399 3.676400 
1.592632 7.463587 
5.824367 0.198795 
5.075773 -1.876628 
-1.240084 -7.094478 
-5.068046 2.159728 
-2.377436 -6.815940 
-3.975261 -3.097720 
-4.916179 -0.019008 
2.498004 -6.309199 
0.284640 5.481582 
2.533221 -7.298721 
-4.190523 -3.732978 
3.361265 5.939272 
-1.937941 -7.239200 
2.893507 5.385876 
5.155059 5.441990 
-5.059828 -2.507373 
-2.278272 -4.252907 
5.773264 4.959095 
-7.416225 -2.161346 
-5.068493 1.587510 
-1.007775 7.620097 
0.824948 6.115075 
3.657812 -3.867470 
-3.660522 4.410917 
-4.916210 -1.073195 
3.084625 3.784627 
-3.380906 3.657262 
2.041254 5.695790 
-5.901399 -3.289155 
-4.221930 2.081506 
-0.857107 4.974563 
4.512186 -6.022359 
7.434588 0.575086 
0.092184 -4.944954 
3.620177 -3.313760 
-5.106737 -0.310723 
-6.393500 -2.621807 
-5.357751 4.415500 
-7.404743 1.627002 
1.016099 6.763860 
-6.398960 1.660463 
-2.835347 -6.347576 
-1.514762 6.987076 
-5.627053 -2.652694 
6.417578 -2.704260 
4.809568 2.768634 
0.290170 4.743336 
-3.052887 -6.799112 
0.385000 -6.579096 
4.115214 5.269078 
-3.655876 -3.526326 
0.464692 5.591709 
-2.627703 -6.184361 
5.768070 2.215664 
2.972265 -5.889892 
-6.869046 -1.977613 
6.593151 0.901850 
4.504923 -2.273878 
-1.296207 -4.549776 
2.085384 5.254557 
-1.869948 4.754369 
5.998878 -4.539470 
1.967141 6.876158 
5.056277 -2.910731 
-3.379477 3.442935 
-4.910529 -3.949528 
-5.371042 -4.559496 
-1.854284 7.056389 
-3.751007 -6.625588 
3.677688 5.478950 
5.471936 1.597759 
-5.704924 1.772266 
-3.746709 -5.092997 
-0.169988 -6.136207 
3.165480 -4.539425 
6.470940 -2.384157 
6.076009 -0.612402 
-4.196384 -4.430137 
-5.285112 3.349474 
-2.226517 -5.473785 
-1.018086 -5.038284 
4.296336 -5.837356 
2.958666 -6.727211 
1.815684 -6.949235 
0.541085 5.177732 
-0.750848 4.694101 
-3.514502 3.501920 
1.309534 -5.933311 
4.900338 2.521001 
-2.204013 4.911659 
2.136341 6.949414 
-3.473784 5.671057 
1.717207 -6.111427 
1.623120 -5.815502 
3.621900 -3.297377 
4.784189 -6.034188 
-3.420639 -6.647601 
4.420329 2.456340 
-7.075277 2.848504 
-0.304911 -4.803277 
-4.949562 4.687818 
2.316004 6.609753 
-3.565251 -6.857505 
-6.373500 -4.247263 
-1.151260 6.555672 
4.841491 -4.810445 
-1.213011 7.570198 
-2.350880 6.191200 
-6.277344 4.261583 
-4.596399 1.838916 
-1.228566 -7.596936 
-4.905719 0.315336 
6.552546 -2.234514 
4.024001 -4.276319 
2.564292 -4.030889 
-2.704575 -6.416641 
5.725633 2.739124 
-4.122626 3.698546 
-4.885606 -5.075339 
-6.975660 -0.267960 
2.572129 -4.315176 
-1.819398 6.061616 
3.546055 -6.420191 
5.140337 2.047219 
3.479501 4.772407 
1.047781 -6.873129 
-4.702040 -3.713219 
5.353670 -4.833325 
5.883377 2.789293 
2.467369 -5.366772 
-5.808641 3.889261 
1.360907 7.548804 
0.934396 -7.706059 
-1.464996 4.674368 
1.168557 -4.903818 
6.469065 -1.507837 
4.886938 1.891468 
-1.909400 -5.645142 
6.845555 -1.402952 
7.717690 0.254497 
-4.654756 6.229634 
-6.975439 2.264566 
6.279086 4.366757 
0.784291 6.005890 
6.871639 2.047567 
-7.618049 -0.505023 
-5.703802 -3.901806 
1.598495 4.982264 
-3.374227 -5.704348 
4.788907 -5.583914 
-2.072015 -6.125506 
-0.951851 -4.704117 
-0.065811 5.066732 
-3.208199 -4.145145 
-0.126385 7.111445 
1.599124 -5.181693 
-1.431188 -5.304904 
1.118032 7.681952 
-0.005023 -6.897067 
3.165493 6.567936 
7.230830 0.075602 
4.931452 5.737550 
2.790430 5.733006 
7.596705 0.555954 
-1.712428 -6.410695 
6.985022 -1.413265 
-3.465227 -4.652416 
-5.313616 2.615214 
4.359737 -3.188025 
-2.873157 4.544603 
-5.227382 3.803145 
5.431730 -5.109727 
3.770659 -3.506265 
5.989112 -3.968028 
-2.427937 -5.532964 
7.201769 -0.759508 
4.106250 -6.509993 
0.575707 -7.260258 
5.996264 -1.563210 
-7.294090 0.171206 
-5.898215 -3.376753 
6.552746 -3.906934 
-0.116844 6.429312 
1.958396 -5.750350 
-6.045876 2.307372 
-6.641773 -0.113212 
-4.140133 -6.344065 
-5.495486 4.830772 
1.359906 4.806791 
-1.936060 -5.379001 
5.788266 -3.109625 
4.043248 2.370889 
-4.817424 -2.707782 
-4.675827 6.020965 
-5.793952 -0.261092 
-5.097994 0.874986 
-4.113168 -5.571672 
3.467063 5.401348 
5.095239 0.805849 
1.805737 -5.376367 
0.417234 4.760499 
4.702467 0.081573 
-2.388221 6.791002 
4.815700 -5.336285 
-4.752341 -6.015219 
-2.622464 5.378683 
5.538650 -1.888627 
-3.917777 4.361238 
1.837558 -5.563903 
5.517231 -3.260535 
-0.134884 -6.482520 
1.517827 5.452177 
0.198733 5.679994 
3.188750 -5.107249 
3.011477 6.600227 
-4.934569 -0.555352 
-3.083053 4.155625 
-7.663911 0.815379 
-6.277764 1.151148 
-5.866648 2.281236 
-0.198706 6.022490 
-3.842686 -4.935475 
-7.083689 -1.373556 
-5.607270 4.291346 
-1.768389 -5.357703 
-4.940444 2.300374 
0.140268 -5.632200 
5.000440 -2.890434 
-4.731322 -4.664317 
2.678629 -6.387358 
-1.776981 7.326701 
-7.371708 0.062702 
-6.617198 1.021435 
-5.325232 -5.081720 
6.452593 4.082607 
-3.998026 5.119848 
2.628292 -6.351824 
3.286113 -4.267850 
-5.809973 -4.155798 
-1.775387 6.558241 
5.150080 -5.794327 
-2.484334 -5.586569 
-2.709389 -5.807325 
3.464474 6.578497 
5.307225 4.944264 
-5.880968 -0.098550 
-4.386819 -4.350579 
2.312601 5.501260 
-6.917228 -2.813350 
4.775415 -1.607110 
-0.404274 6.947086 
-3.894754 3.363713 
3.849468 -2.957234 
-5.491252 -5.419553 
3.584781 -6.662066 
4.172803 3.477336 
-4.571354 -6.061347 
-4.479668 1.589872 
7.463747 -0.831099 
4.982421 -4.090429 
-3.714369 -5.515782 
-2.671727 7.293182 
-3.718598 6.526593 
4.219458 -3.588969 
-5.697852 -1.800502 
1.439609 5.908146 
-5.657737 -1.568380 
-3.689670 6.633374 
7.110508 -1.985571 
-4.047091 4.944119 
4.903942 -4.537903 
-0.126029 -5.211480 
0.018863 5.950987 
-1.248552 -4.757906 
6.422837 2.947292 
4.588777 2.964794 
0.629231 5.340474 
-6.419281 1.241957 
4.225000 -6.369344 
7.174562 -1.185582 
-0.676613 -5.549511 
-0.974167 -6.175600 
3.661594 -4.716859 
4.848739 -3.957797 
-3.069785 5.447605 
-2.704154 -4.836769 
3.398233 4.649378 
-3.588508 3.596851 
-5.883010 3.451767 
-3.252339 -4.525961 
-2.635343 6.715553 
-5.495855 -2.860250 
0.208787 -6.563618 
5.812344 -2.723472 
-4.278286 -4.223714 
5.250801 -1.865816 
2.879695 4.365944 
-4.226744 3.465774 
-0.054442 7.683636 
1.914611 -5.037764 
5.782574 4.359771 
5.800314 3.202836 
5.230032 -4.028107 
-5.551794 -2.338113 
5.316874 -1.140882 
-2.245891 5.760745 
5.326878 -0.838999 
4.693694 4.632931 
-1.164324 5.582751 
-0.311112 -6.617463 
-7.585643 0.797037 
-6.097649 3.903492 
2.704238 -4.989375 
-4.458527 -3.541286 
-3.901751 6.453742 
2.662205 -7.099338 
-4.474540 5.631346 
2.859053 -4.910680 
0.081724 5.094391 
3.770171 5.805464 
-5.153830 1.561772 
-2.235999 -5.824466 
-4.313483 5.200527 
-4.863718 1.774850 
3.229471 -5.276200 
1.842010 7.514646 
5.578159 -3.336944 
-2.698352 -7.145856 
1.637523 7.003880 
5.564749 1.911179 
1.963568 6.810281 
4.747263 5.793082 
-4.224540 -2.307461 
-4.711353 1.324028 
7.020566 -2.130653 
2.588842 4.454468 
4.211594 4.298657 
6.864167 3.266527 
-3.888966 5.708699 
4.983138 1.367878 
-5.166729 -2.531624 
3.378406 -5.830008 
5.687453 2.569393 
2.306719 4.869208 
-4.211694 -4.126849 
-2.220109 -5.969946 
7.637710 0.211925 
-6.272348 -2.922468 
-0.022426 -6.855263 
-3.527648 3.084736 
0.758697 6.128338 
-4.143908 4.653068 
0.331675 -5.065861 
2.989535 7.102168 
1.357575 5.273600 
-5.896154 -3.737505 
-4.950670 -1.944572 
2.552982 5.156703 
2.461325 6.742386 
5.243703 1.319844 
6.408728 -3.860021 
1.309196 5.197919 
5.501141 -1.801775 
-7.590668 1.192849 
4.399108 -4.358461 
-4.294295 -5.716992 
3.854934 5.648006 
4.214048 -5.810284 
-2.447427 -5.792227 
4.943003 -3.147648 
2.375399 -7.205324 
0.760603 7.238987 
2.575806 -4.662101 
-6.646436 1.566787 
1.512381 4.781695 
4.288313 4.239268 
4.098250 -3.095697 
-2.258237 5.624623 
-5.316907 -2.768383 
6.537477 4.107631 
-4.214745 6.391082 
5.102127 2.106402 
6.729173 2.696514 
-4.285524 -5.297899 
-5.421551 -3.072133 
3.522030 -3.666527 
2.193800 7.242055 
3.494659 6.083398 
7.413932 -1.396001 
4.894735 -0.815729 
-0.548879 6.041030 
6.379744 2.667821 
2.143961 -6.011352 
6.481692 2.046921 
5.921787 4.808333 
2.902757 5.858866 
3.610723 3.971904 
1.497924 -5.119815 
-1.579210 5.470159 
5.992407 -3.534246 
6.420268 -0.336114 
4.993535 -0.910704 
0.356208 -5.469082 
-6.560732 2.855459 
3.238316 -5.262050 
-3.732515 -3.385166 
-7.331512 0.315795 
2.639414 -4.624289 
1.362520 -6.930587 
-5.062094 -0.618284 
5.273175 3.472625 
-5.300407 1.924654 
-2.806710 -5.613286 
2.099405 -4.248197 
6.343549 -3.528495 
3.222117 -6.690294 
-6.195588 3.076460 
7.224310 -1.412520 
-5.424546 -4.892052 
-0.318550 -7.208484 
-4.205270 -5.288837 
5.313295 -1.473669 
3.483773 -4.060887 
-5.457590 -4.846081 
3.985478 -4.675489 
-2.969847 4.168579 
2.734593 -7.085535 
-4.350304 3.963249 
6.441543 1.461059 
6.451355 1.502241 
-3.506162 6.541451 
0.491859 5.419922 
6.393461 2.176043 
6.143018 4.172364 
-1.786484 -7.517532 
3.557531 -4.462616 
1.156915 6.101083 
5.094234 -3.607187 
-3.259752 -4.417677 
-1.638819 -5.737928 
-2.437771 -5.067157 
5.171538 1.036247 
4.723680 -0.458959 
-5.163872 -1.840047 
-3.184784 -3.717513 
-4.010477 5.793270 
-2.724942 6.655908 
2.965647 5.537096 
-5.641792 4.361672 
3.940030 -3.883961 
5.036530 -4.331360 
4.661799 1.488832 
3.676766 4.873431 
-5.850674 0.538606 
-6.785414 -2.346312 
5.727085 -1.979030 
7.083636 -1.258581 
-3.691928 5.632069 
-5.250363 -4.765240 
-5.617700 -2.657567 
-7.063590 2.705592 
-4.774372 0.318234 
4.364323 -3.850927 
3.000615 -5.381676 
2.516992 -5.558988 
-3.194498 -3.680652 
1.659509 5.854604 
-5.269498 -0.895503 
4.787148 -0.219005 
7.130461 2.372703 
4.493924 -4.360001 
3.819474 3.562050 
4.549669 3.458241 
2.696972 5.765425 
7.131531 -2.398655 
-1.093875 6.635351 
3.334977 -6.924177 
5.786791 3.120246 
1.110801 6.719867 
5.752307 3.186428 
-1.175635 7.082051 
-4.887777 4.487250 
3.395744 -4.971428 
5.982071 -4.827129 
3.847178 5.850928 
3.263493 6.887341 
0.989294 -5.302472 
-6.803266 -1.014882 
7.239949 -1.878092 
-7.276595 1.670464 
1.702451 7.177828 
1.123953 -6.647000 
-6.284559 -1.487034 
-5.967469 1.006322 
4.093330 -2.356141 
-0.031695 -5.084447 
-3.390455 -3.481877 
-6.920112 2.321187 
-1.873809 4.356703 
5.025578 -3.672075 
6.519721 1.995946 
4.074642 4.685681 
-5.986510 3.528908 
-3.605909 -6.542948 
6.993133 -2.674832 
6.325397 0.144161 
-4.343817 -3.290078 
-4.462951 5.392642 
-4.739620 4.571621 
-5.375042 2.137115 
-4.119919 5.347534 
4.073605 4.709386 
6.860258 3.171803 
3.459258 6.290934 
6.022131 -0.734472 
-5.824190 -1.478577 
-6.110024 1.079643 
5.061415 2.697326 
-2.592510 6.076352 
4.274679 4.729979 
6.792681 -0.609459 
6.761913 -1.134890 
-3.988716 -3.373638 
-4.151809 -4.201114 
6.969988 -1.986726 
0.486162 6.171310 
-5.194550 3.777703 
-3.460804 5.782890 
-3.756488 -2.803414 
0.813138 -6.978101 
3.863788 5.873940 
3.608607 3.838256 
5.237840 2.666910 
-6.599884 -3.565057 
-4.824424 1.283687 
5.424666 -3.933033 
0.480343 5.696420 
-5.558092 -2.619039 
-1.861962 -6.930965 
0.349075 -4.957219 
-5.793061 -1.880997 
6.559756 3.383670 
-1.117207 5.918452 
-4.346365 -3.552866 
-3.943623 -6.160332 
-3.902398 -4.319900 
5.070806 -5.212368 
3.972749 -2.890299 
6.818391 0.316236 
3.962039 -4.728993 
3.435374 -4.495232 
7.291161 -2.740298 
6.219979 -1.584652 
1.342472 7.072021 
4.850914 3.816106 
-4.145584 -6.204264 
3.060645 5.326143 
5.251261 -1.056124 
6.251948 2.353005 
5.862960 -0.063358 
6.226613 4.057052 
-0.727913 5.083307 
-4.949915 -5.809762 
-6.640634 -0.048539 
