-2.2365 2.3224
2.4445 4.5807
1.872 1.1315
5.1338 1.0316
2.1731 2.2868
5.4243 2.8476
3.4645 3.1126
6.0196 3.4075
1.3979 -0.13413
-5.4257 0.87663
-0.99454 1.3793
0.22411 -1.6884
1.5863 0.058761
-0.44106 3.001
2.6358 0.51998
1.7541 2.4672
6.9993 0.062175
-2.9361 1.9544
1.023 3.3538
-0.12024 3.6083
4.9047 1.8262
2.6583 0.70737
3.4868 3.516
0.65642 1.8879
3.8137 2.4435
5.6992 4.4768
-1.134 4.5291
-1.7816 0.30754
1.217 1.2775
-1.122 1.862
4.7939 3.5078
0.15375 3.95
-2.4015 2.4403
1.2503 1.3749
-1.4218 3.2302
-3.511 2.3213
2.2232 1.9062
-0.73925 2.6902
2.1656 2.4564
4.6077 5.2502
0.8588 1.5978
-0.95739 3.6944
2.0214 3.947
3.7191 1.5266
2.29 3.2055
0.87502 3.361
0.7838 4.4818
-2.1274 -0.38202
0.58776 0.71247
0.87424 2.2307
2.8579 -1.3915
3.4111 -0.034741
1.6616 -0.68761
-1.4959 2.7571
-3.2697 0.49484
1.2801 6.6359
0.34034 3.1603
1.465 3.3073
-6.2599 0.83793
2.9114 1.7622
1.9574 3.3696
0.7202 3.7729
-0.2234 4.0818
2.8329 4.3391
1.6787 3.7601
-1.2084 1.6831
1.0362 1.9645
-1.9435 0.28093
-1.399 1.4909
5.712 3.1968
-4.7586 -0.85943
-2.7632 0.89881
9.1683 2.4072
1.2926 2.1806
2.2213 1.6533
5.1842 2.0334
-4.983 -0.76145
6.4265 0.90971
4.2679 0.42902
-2.2264 2.065
0.16156 2.5567
2.3465 -0.70024
-1.6685 -0.058794
-0.97268 1.1849
-0.60051 2.6303
0.54235 2.2626
-1.0061 3.0653
2.8483 0.16053
1.29 1.0312
5.2573 0.46734
-1.3265 1.8434
3.9821 1.1282
2.6612 3.378
2.9821 -0.33856
0.71894 2.0881
0.74513 -1.3458
-3.1151 0.08696
4.6163 2.3362
0.41395 2.5361
2.2195 2.663
3.2954 -0.40392
0.2275 2.6266
1.5097 3.2896
-0.34168 0.60703
4.6087 4.0129
-1.8023 0.78425
5.0113 1.2075
4.2097 2.692
5.547 3.5809
1.8836 2.8202
5.4574 3.0193
0.81506 2.8832
0.51156 1.4625
-0.30944 2.8864
2.4015 3.1306
-0.27858 -0.55237
0.81952 1.0898
0.21972 3.3482
0.34288 1.3629
-5.5562 0.22791
0.27404 1.5146
-4.265 2.7575
1.9933 0.20004
3.2804 3.4847
-1.1495 2.9544
3.132 3.0507
2.3189 1.1688
1.0382 0.27461
6.4121 4.0789
3.3785 2.929
0.90407 2.1751
3.1615 2.5503
3.003 2.878
6.1914 3.2164
-3.2837 3.2934
3.247 3.2994
1.6281 2.2134
-1.7867 3.1485
-4.1116 4.2609
-1.746 2.0396
0.7048 3.4777
2.2591 0.48699
3.077 4.0234
0.021877 1.0067
0.28733 1.3936
3.081 3.3113
3.5621 1.6997
4.7054 -0.87209
-4.8503 -1.7812
-2.7216 -0.59281
1.8819 2.9484
4.2402 1.646
-1.7609 1.1421
0.10597 0.23897
-0.40516 4.7008
0.79255 1.6032
-0.3956 0.58767
3.3348 2.691
-3.7781 -1.0122
7.23 1.9867
-3.2032 1.6207
4.1093 5.5951
4.5674 2.9084
0.4866 2.4155
1.5546 3.2632
-0.38345 3.4184
3.4198 1.4851
1.9878 2.6717
1.7119 -0.50727
3.6499 3.062
0.7383 0.23189
4.7032 2.2195
0.9281 2.3068
3.1378 0.97421
1.2364 3.9863
2.5874 1.4105
1.5583 1.1021
2.8149 3.2685
-0.29331 3.8573
4.6934 2.7385
-0.040759 0.25543
2.1334 3.7397
-2.5008 0.40193
5.2554 -0.56625
3.6079 0.80644
0.075761 4.2459
-1.7319 4.8112
-0.16423 2.1833
2.1774 2.2904
2.3224 -0.56096
3.0809 -0.4903
-0.69969 2.9346
1.1283 1.6335
0.48332 0.73867
-0.89835 0.95991
3.5791 1.6013
2.1101 1.9501
-0.046861 0.19301
-0.22938 2.1651
0.91329 2.4156
-1.1428 2.994
-1.7554 0.88219
0.78353 4.4075
-0.21528 1.3386
0.10137 2.7091
2.3788 1.4732
6.4068 5.2994
-1.5143 0.95182
6.7678 4.1509
1.4147 1.5062
-1.0849 3.1847
3.0018 3.925
2.2087 1.9079
-0.66911 1.2773
1.3901 1.1879
-3.4187 1.1495
-6.8939 0.34
1.9375 -0.76302
-2.3388 1.1624
2.9566 2.6937
2.8583 1.0812
4.1384 1.4095
2.9913 1.3216
3.3777 2.2391
0.14367 0.63761
7.9065 0.96465
1.8254 4.4692
2.2316 1.3014
5.0669 3.3437
-2.2159 -0.20213
10.344 6.209
-2.7483 1.5407
5.3982 4.3407
5.1163 3.7019
-1.0578 1.7273
-5.0766 1.7148
-1.8167 0.69092
1.4933 2.2355
2.4325 3.4925
1.9734 1.3023
-0.45108 0.94344
0.82025 1.6634
6.5169 3.8622
2.3239 0.65759
0.34993 0.3072
1.0579 1.5615
3.9497 1.9667
0.021322 2.934
3.579 3.9768
-1.4753 0.052925
-1.1912 -1.1955
-1.4679 -0.7189
-4.5982 -0.54345
5.4046 0.58044
4.8198 2.3484
-1.111 1.101
2.6252 4.665
5.1755 3.6585
-1.6359 1.6271
-2.0153 -0.27922
-0.27716 2.0793
4.0091 2.9108
1.8822 2.7927
0.50669 1.3743
4.3949 0.89384
-2.3797 3.9759
-2.232 0.74954
1.0581 2.0739
2.1491 3.2079
1.9671 2.1626
-1.9099 0.45621
-0.26099 4.3473
0.21577 -2.3693
1.5843 2.7947
1.4691 4.3669
1.6772 1.8803
-1.2995 1.5362
2.7323 1.2725
4.2354 6.1355
0.38727 4.4087
-0.061356 1.8148
2.556 1.807
-1.5489 0.42353
6.3586 5.033
-1.4275 -0.7685
1.0689 0.68126
-1.4146 1.0232
-0.38438 0.15539
0.51931 0.068497
4.151 3.4821
-0.26404 1.7333
0.90091 1.2422
0.50392 1.5441
4.6987 2.3033
-5.197 -0.23688
2.7407 1.8961
1.2398 0.7119
-3.4936 2.6717
1.089 2.761
0.77391 1.4394
0.9161 2.4969
2.9003 0.93481
1.0462 1.07
3.1288 1.317
6.2985 2.9866
3.1436 2.3527
0.62746 -1.1548
-1.1815 0.2222
6.6769 1.9693
-0.17663 1.5215
4.2333 1.6216
3.6364 3.3358
3.0835 4.249
2.2017 3.6952
-0.75273 2.3716
3.3713 3.9585
0.64571 3.7676
1.0607 2.8579
0.90008 5.0455
-0.39515 1.4363
-2.6711 2.0696
-0.28998 1.1396
4.8149 1.5077
7.1775 1.2787
0.87678 0.81748
2.9515 0.27952
2.3354 1.707
-4.0987 0.27215
1.58 4.4593
-1.8105 2.454
-3.9057 -1.5838
-1.1612 3.518
6.1822 1.836
1.2812 -0.38259
-2.3115 2.3957
3.2074 4.1563
2.5155 2.6384
0.046161 2.4985
2.724 0.99439
0.12361 1.6602
-2.9285 1.3531
-2.8771 1.1562
0.57897 3.0704
-1.9539 0.44232
-0.61561 1.302
1.1634 1.3348
1.4463 2.6924
-3.8252 3.32
1.9653 4.8442
0.71307 5.1691
2.9856 0.71136
3.6363 1.2126
-3.0586 4.4635
2.9567 2.8224
1.4857 1.2142
5.0102 4.6538
1.5807 -0.30766
-1.277 1.0014
-5.3073 -0.23373
-2.1407 3.318
-2.7231 4.5284
1.4768 3.1971
-3.1509 3.7699
-3.3118 3.8513
1.4373 3.1228
6.8748 1.9628
-1.6743 3.0535
-3.9203 1.8843
-6.1513 -0.61963
-1.7298 0.79928
2.6679 4.503
0.46646 0.16641
1.067 2.5047
3.09 1.0973
5.513 3.4282
-4.9414 -0.2588
-0.3281 -0.093497
-1.2516 2.0554
-1.0955 0.37739
-6.9327 3.0043
-3.0253 2.2902
4.7022 1.9447
3.1175 1.7364
1.2809 -1.0267
3.1989 2.2616
-3.2304 4.8122
0.51933 2.4109
-0.14841 0.28515
3.3097 2.8047
5.566 3.6935
-1.6937 -0.36745
4.3455 3.2299
1.1738 4.2105
4.9426 2.8476
4.0371 1.9231
-1.8748 0.08248
6.9026 2.8531
-3.4358 -0.10949
1.6623 1.5748
5.8757 1.9776
-3.6386 1.3416
-0.03011 2.5833
-0.19332 1.2037
1.4929 2.169
2.7977 -0.39922
0.12269 3.4252
2.3517 0.65149
7.7039 2.4166
5.7912 2.8655
6.334 4.0452
2.6863 0.98548
-1.1265 1.7725
2.1437 1.2438
3.0931 0.59855
4.1865 2.3468
3.3359 2.0337
-0.85311 1.7035
-2.9805 -0.081958
-3.1948 0.68173
-0.68841 2.2973
2.5618 3.2616
5.7701 2.1881
0.70841 5.0129
3.8461 0.80193
-2.776 -0.53145
5.1259 5.0264
1.2372 0.60873
4.8311 2.1942
2.9636 0.72865
-0.99081 -0.049732
-2.001 0.43561
-6.1138 0.85181
0.64614 1.2692
0.54016 3.2709
-0.21803 1.2048
3.819 4.301
0.96247 0.73499
3.1236 -0.12167
3.3454 2.7482
1.8353 4.1288
-1.73 1.2985
2.7692 4.1166
-0.31255 1.4611
-3.4692 0.4659
4.002 0.48139
8.5394 4.5932
-1.4623 -0.29679
1.0497 1.5063
4.7984 1.2856
-5.5699 -0.014803
-4.9301 0.81619
0.2399 2.1236
4.2292 2.7696
11.441 2.0248
10.901 3.7729
4.1333 3.185
2.9759 2.0347
-0.76382 1.429
-4.4938 -0.54702
0.69889 2.4375
1.5495 4.5921
1.3016 3.1861
6.1075 2.4689
1.3433 2.9268
5.937 2.9073
3.3736 3.1777
3.4893 2.5033
-3.3309 1.4676
3.4477 4.7455
3.0249 2.4445
-1.1543 2.7062
2.1796 3.3413
2.399 4.2102
2.6997 1.9762
3.2277 3.2445
4.6057 2.556
1.2486 1.2913
2.6732 2.0547
1.033 2.9303
4.039 1.2389
-0.84079 4.1938
4.2457 5.2968
-2.746 0.4096
3.7259 1.8127
0.57316 2.6535
1.951 2.7375
-0.055622 3.9891
0.6091 1.8412
1.9754 4.5663
3.6754 1.0583
3.7294 2.4679
2.0849 2.6328
4.8663 1.0066
2.153 2.2363
4.7606 2.0687
6.8486 4.0531
-2.6338 2.3772
-2.4767 4.4016
4.8504 4.0128
0.53289 2.0987
